AMI = 0.125838940541
ARI = 0.0546224985868
H = 0.591116776793
C = 0.643040146863
V = 0.615986203498
MI = 2.51007818317
NMI = 0.61653209078
