AMI = 0.177861955376
ARI = 0.110477274378
H = 0.819194864346
C = 0.708266962944
V = 0.759702989972
MI = 3.47857350271
NMI = 0.76171428937
