AMI = 0.189402281848
ARI = 0.106795329292
H = 0.757228253377
C = 0.697106632765
V = 0.725924741235
MI = 3.21544268933
NMI = 0.72654582646
