AMI = 0.134195320381
ARI = 0.0994715082246
H = 0.920395240046
C = 0.716911444561
V = 0.806008901462
MI = 3.90830391326
NMI = 0.812306519184
