AMI = 0.170076647301
ARI = 0.126267273935
H = 0.881159429733
C = 0.718373678625
V = 0.791483136779
MI = 3.74169562986
NMI = 0.795614065356
