AMI = 0.0849547710706
ARI = 0.0668499985398
H = 0.970288184879
C = 0.714850975148
V = 0.82320970468
MI = 4.12016592976
NMI = 0.832833389782
