AMI = 0.115474527116
ARI = 0.0865006435599
H = 0.948435295917
C = 0.717751457777
V = 0.817124268624
MI = 4.02737130444
NMI = 0.825070188682
