AMI = 0.0602750650697
ARI = 0.0442612582391
H = 0.982090624456
C = 0.711477198838
V = 0.825163393969
MI = 4.17028300857
NMI = 0.835903754324
