AMI = 0.04260611009
ARI = 0.0309231152517
H = 0.992216732752
C = 0.709510763609
V = 0.827380944629
MI = 4.21328182794
NMI = 0.839040196725
