AMI = 0.0228080115805
ARI = 0.0156628590381
H = 0.996159192266
C = 0.705928057001
V = 0.826299266813
MI = 4.23002282059
NMI = 0.838580182845
