AMI = 0.189875650221
ARI = 0.0954566883956
H = 0.696204411941
C = 0.68082669061
V = 0.688429687451
MI = 2.95631518855
NMI = 0.688472618025
